-4.0 -4.0 -4.0 48.0
-4.0 -4.0 -3.0 41.0
-4.0 -4.0 -2.0 36.0
-4.0 -4.0 -1.0 33.0
-4.0 -4.0 0.0 32.0
-4.0 -4.0 1.0 33.0
-4.0 -4.0 2.0 36.0
-4.0 -4.0 3.0 41.0
-4.0 -4.0 4.0 48.0
-4.0 -3.0 -4.0 41.0
-4.0 -3.0 -3.0 34.0
-4.0 -3.0 -2.0 29.0
-4.0 -3.0 -1.0 26.0
-4.0 -3.0 0.0 25.0
-4.0 -3.0 1.0 26.0
-4.0 -3.0 2.0 29.0
-4.0 -3.0 3.0 34.0
-4.0 -3.0 4.0 41.0
-4.0 -2.0 -4.0 36.0
-4.0 -2.0 -3.0 29.0
-4.0 -2.0 -2.0 24.0
-4.0 -2.0 -1.0 21.0
-4.0 -2.0 0.0 20.0
-4.0 -2.0 1.0 21.0
-4.0 -2.0 2.0 24.0
-4.0 -2.0 3.0 29.0
-4.0 -2.0 4.0 36.0
-4.0 -1.0 -4.0 33.0
-4.0 -1.0 -3.0 26.0
-4.0 -1.0 -2.0 21.0
-4.0 -1.0 -1.0 18.0
-4.0 -1.0 0.0 17.0
-4.0 -1.0 1.0 18.0
-4.0 -1.0 2.0 21.0
-4.0 -1.0 3.0 26.0
-4.0 -1.0 4.0 33.0
-4.0 0.0 -4.0 32.0
-4.0 0.0 -3.0 25.0
-4.0 0.0 -2.0 20.0
-4.0 0.0 -1.0 17.0
-4.0 0.0 0.0 16.0
-4.0 0.0 1.0 17.0
-4.0 0.0 2.0 20.0
-4.0 0.0 3.0 25.0
-4.0 0.0 4.0 32.0
-4.0 1.0 -4.0 33.0
-4.0 1.0 -3.0 26.0
-4.0 1.0 -2.0 21.0
-4.0 1.0 -1.0 18.0
-4.0 1.0 0.0 17.0
-4.0 1.0 1.0 18.0
-4.0 1.0 2.0 21.0
-4.0 1.0 3.0 26.0
-4.0 1.0 4.0 33.0
-4.0 2.0 -4.0 36.0
-4.0 2.0 -3.0 29.0
-4.0 2.0 -2.0 24.0
-4.0 2.0 -1.0 21.0
-4.0 2.0 0.0 20.0
-4.0 2.0 1.0 21.0
-4.0 2.0 2.0 24.0
-4.0 2.0 3.0 29.0
-4.0 2.0 4.0 36.0
-4.0 3.0 -4.0 41.0
-4.0 3.0 -3.0 34.0
-4.0 3.0 -2.0 29.0
-4.0 3.0 -1.0 26.0
-4.0 3.0 0.0 25.0
-4.0 3.0 1.0 26.0
-4.0 3.0 2.0 29.0
-4.0 3.0 3.0 34.0
-4.0 3.0 4.0 41.0
-4.0 4.0 -4.0 48.0
-4.0 4.0 -3.0 41.0
-4.0 4.0 -2.0 36.0
-4.0 4.0 -1.0 33.0
-4.0 4.0 0.0 32.0
-4.0 4.0 1.0 33.0
-4.0 4.0 2.0 36.0
-4.0 4.0 3.0 41.0
-4.0 4.0 4.0 48.0
-3.0 -4.0 -4.0 41.0
-3.0 -4.0 -3.0 34.0
-3.0 -4.0 -2.0 29.0
-3.0 -4.0 -1.0 26.0
-3.0 -4.0 0.0 25.0
-3.0 -4.0 1.0 26.0
-3.0 -4.0 2.0 29.0
-3.0 -4.0 3.0 34.0
-3.0 -4.0 4.0 41.0
-3.0 -3.0 -4.0 34.0
-3.0 -3.0 -3.0 27.0
-3.0 -3.0 -2.0 22.0
-3.0 -3.0 -1.0 19.0
-3.0 -3.0 0.0 18.0
-3.0 -3.0 1.0 19.0
-3.0 -3.0 2.0 22.0
-3.0 -3.0 3.0 27.0
-3.0 -3.0 4.0 34.0
-3.0 -2.0 -4.0 29.0
-3.0 -2.0 -3.0 22.0
-3.0 -2.0 -2.0 17.0
-3.0 -2.0 -1.0 14.0
-3.0 -2.0 0.0 13.0
-3.0 -2.0 1.0 14.0
-3.0 -2.0 2.0 17.0
-3.0 -2.0 3.0 22.0
-3.0 -2.0 4.0 29.0
-3.0 -1.0 -4.0 26.0
-3.0 -1.0 -3.0 19.0
-3.0 -1.0 -2.0 14.0
-3.0 -1.0 -1.0 11.0
-3.0 -1.0 0.0 10.0
-3.0 -1.0 1.0 11.0
-3.0 -1.0 2.0 14.0
-3.0 -1.0 3.0 19.0
-3.0 -1.0 4.0 26.0
-3.0 0.0 -4.0 25.0
-3.0 0.0 -3.0 18.0
-3.0 0.0 -2.0 13.0
-3.0 0.0 -1.0 10.0
-3.0 0.0 0.0 9.0
-3.0 0.0 1.0 10.0
-3.0 0.0 2.0 13.0
-3.0 0.0 3.0 18.0
-3.0 0.0 4.0 25.0
-3.0 1.0 -4.0 26.0
-3.0 1.0 -3.0 19.0
-3.0 1.0 -2.0 14.0
-3.0 1.0 -1.0 11.0
-3.0 1.0 0.0 10.0
-3.0 1.0 1.0 11.0
-3.0 1.0 2.0 14.0
-3.0 1.0 3.0 19.0
-3.0 1.0 4.0 26.0
-3.0 2.0 -4.0 29.0
-3.0 2.0 -3.0 22.0
-3.0 2.0 -2.0 17.0
-3.0 2.0 -1.0 14.0
-3.0 2.0 0.0 13.0
-3.0 2.0 1.0 14.0
-3.0 2.0 2.0 17.0
-3.0 2.0 3.0 22.0
-3.0 2.0 4.0 29.0
-3.0 3.0 -4.0 34.0
-3.0 3.0 -3.0 27.0
-3.0 3.0 -2.0 22.0
-3.0 3.0 -1.0 19.0
-3.0 3.0 0.0 18.0
-3.0 3.0 1.0 19.0
-3.0 3.0 2.0 22.0
-3.0 3.0 3.0 27.0
-3.0 3.0 4.0 34.0
-3.0 4.0 -4.0 41.0
-3.0 4.0 -3.0 34.0
-3.0 4.0 -2.0 29.0
-3.0 4.0 -1.0 26.0
-3.0 4.0 0.0 25.0
-3.0 4.0 1.0 26.0
-3.0 4.0 2.0 29.0
-3.0 4.0 3.0 34.0
-3.0 4.0 4.0 41.0
-2.0 -4.0 -4.0 36.0
-2.0 -4.0 -3.0 29.0
-2.0 -4.0 -2.0 24.0
-2.0 -4.0 -1.0 21.0
-2.0 -4.0 0.0 20.0
-2.0 -4.0 1.0 21.0
-2.0 -4.0 2.0 24.0
-2.0 -4.0 3.0 29.0
-2.0 -4.0 4.0 36.0
-2.0 -3.0 -4.0 29.0
-2.0 -3.0 -3.0 22.0
-2.0 -3.0 -2.0 17.0
-2.0 -3.0 -1.0 14.0
-2.0 -3.0 0.0 13.0
-2.0 -3.0 1.0 14.0
-2.0 -3.0 2.0 17.0
-2.0 -3.0 3.0 22.0
-2.0 -3.0 4.0 29.0
-2.0 -2.0 -4.0 24.0
-2.0 -2.0 -3.0 17.0
-2.0 -2.0 -2.0 12.0
-2.0 -2.0 -1.0 9.0
-2.0 -2.0 0.0 8.0
-2.0 -2.0 1.0 9.0
-2.0 -2.0 2.0 12.0
-2.0 -2.0 3.0 17.0
-2.0 -2.0 4.0 24.0
-2.0 -1.0 -4.0 21.0
-2.0 -1.0 -3.0 14.0
-2.0 -1.0 -2.0 9.0
-2.0 -1.0 -1.0 6.0
-2.0 -1.0 0.0 5.0
-2.0 -1.0 1.0 6.0
-2.0 -1.0 2.0 9.0
-2.0 -1.0 3.0 14.0
-2.0 -1.0 4.0 21.0
-2.0 0.0 -4.0 20.0
-2.0 0.0 -3.0 13.0
-2.0 0.0 -2.0 8.0
-2.0 0.0 -1.0 5.0
-2.0 0.0 0.0 4.0
-2.0 0.0 1.0 5.0
-2.0 0.0 2.0 8.0
-2.0 0.0 3.0 13.0
-2.0 0.0 4.0 20.0
-2.0 1.0 -4.0 21.0
-2.0 1.0 -3.0 14.0
-2.0 1.0 -2.0 9.0
-2.0 1.0 -1.0 6.0
-2.0 1.0 0.0 5.0
-2.0 1.0 1.0 6.0
-2.0 1.0 2.0 9.0
-2.0 1.0 3.0 14.0
-2.0 1.0 4.0 21.0
-2.0 2.0 -4.0 24.0
-2.0 2.0 -3.0 17.0
-2.0 2.0 -2.0 12.0
-2.0 2.0 -1.0 9.0
-2.0 2.0 0.0 8.0
-2.0 2.0 1.0 9.0
-2.0 2.0 2.0 12.0
-2.0 2.0 3.0 17.0
-2.0 2.0 4.0 24.0
-2.0 3.0 -4.0 29.0
-2.0 3.0 -3.0 22.0
-2.0 3.0 -2.0 17.0
-2.0 3.0 -1.0 14.0
-2.0 3.0 0.0 13.0
-2.0 3.0 1.0 14.0
-2.0 3.0 2.0 17.0
-2.0 3.0 3.0 22.0
-2.0 3.0 4.0 29.0
-2.0 4.0 -4.0 36.0
-2.0 4.0 -3.0 29.0
-2.0 4.0 -2.0 24.0
-2.0 4.0 -1.0 21.0
-2.0 4.0 0.0 20.0
-2.0 4.0 1.0 21.0
-2.0 4.0 2.0 24.0
-2.0 4.0 3.0 29.0
-2.0 4.0 4.0 36.0
-1.0 -4.0 -4.0 33.0
-1.0 -4.0 -3.0 26.0
-1.0 -4.0 -2.0 21.0
-1.0 -4.0 -1.0 18.0
-1.0 -4.0 0.0 17.0
-1.0 -4.0 1.0 18.0
-1.0 -4.0 2.0 21.0
-1.0 -4.0 3.0 26.0
-1.0 -4.0 4.0 33.0
-1.0 -3.0 -4.0 26.0
-1.0 -3.0 -3.0 19.0
-1.0 -3.0 -2.0 14.0
-1.0 -3.0 -1.0 11.0
-1.0 -3.0 0.0 10.0
-1.0 -3.0 1.0 11.0
-1.0 -3.0 2.0 14.0
-1.0 -3.0 3.0 19.0
-1.0 -3.0 4.0 26.0
-1.0 -2.0 -4.0 21.0
-1.0 -2.0 -3.0 14.0
-1.0 -2.0 -2.0 9.0
-1.0 -2.0 -1.0 6.0
-1.0 -2.0 0.0 5.0
-1.0 -2.0 1.0 6.0
-1.0 -2.0 2.0 9.0
-1.0 -2.0 3.0 14.0
-1.0 -2.0 4.0 21.0
-1.0 -1.0 -4.0 18.0
-1.0 -1.0 -3.0 11.0
-1.0 -1.0 -2.0 6.0
-1.0 -1.0 -1.0 3.0
-1.0 -1.0 0.0 2.0
-1.0 -1.0 1.0 3.0
-1.0 -1.0 2.0 6.0
-1.0 -1.0 3.0 11.0
-1.0 -1.0 4.0 18.0
-1.0 0.0 -4.0 17.0
-1.0 0.0 -3.0 10.0
-1.0 0.0 -2.0 5.0
-1.0 0.0 -1.0 2.0
-1.0 0.0 0.0 1.0
-1.0 0.0 1.0 2.0
-1.0 0.0 2.0 5.0
-1.0 0.0 3.0 10.0
-1.0 0.0 4.0 17.0
-1.0 1.0 -4.0 18.0
-1.0 1.0 -3.0 11.0
-1.0 1.0 -2.0 6.0
-1.0 1.0 -1.0 3.0
-1.0 1.0 0.0 2.0
-1.0 1.0 1.0 3.0
-1.0 1.0 2.0 6.0
-1.0 1.0 3.0 11.0
-1.0 1.0 4.0 18.0
-1.0 2.0 -4.0 21.0
-1.0 2.0 -3.0 14.0
-1.0 2.0 -2.0 9.0
-1.0 2.0 -1.0 6.0
-1.0 2.0 0.0 5.0
-1.0 2.0 1.0 6.0
-1.0 2.0 2.0 9.0
-1.0 2.0 3.0 14.0
-1.0 2.0 4.0 21.0
-1.0 3.0 -4.0 26.0
-1.0 3.0 -3.0 19.0
-1.0 3.0 -2.0 14.0
-1.0 3.0 -1.0 11.0
-1.0 3.0 0.0 10.0
-1.0 3.0 1.0 11.0
-1.0 3.0 2.0 14.0
-1.0 3.0 3.0 19.0
-1.0 3.0 4.0 26.0
-1.0 4.0 -4.0 33.0
-1.0 4.0 -3.0 26.0
-1.0 4.0 -2.0 21.0
-1.0 4.0 -1.0 18.0
-1.0 4.0 0.0 17.0
-1.0 4.0 1.0 18.0
-1.0 4.0 2.0 21.0
-1.0 4.0 3.0 26.0
-1.0 4.0 4.0 33.0
0.0 -4.0 -4.0 32.0
0.0 -4.0 -3.0 25.0
0.0 -4.0 -2.0 20.0
0.0 -4.0 -1.0 17.0
0.0 -4.0 0.0 16.0
0.0 -4.0 1.0 17.0
0.0 -4.0 2.0 20.0
0.0 -4.0 3.0 25.0
0.0 -4.0 4.0 32.0
0.0 -3.0 -4.0 25.0
0.0 -3.0 -3.0 18.0
0.0 -3.0 -2.0 13.0
0.0 -3.0 -1.0 10.0
0.0 -3.0 0.0 9.0
0.0 -3.0 1.0 10.0
0.0 -3.0 2.0 13.0
0.0 -3.0 3.0 18.0
0.0 -3.0 4.0 25.0
0.0 -2.0 -4.0 20.0
0.0 -2.0 -3.0 13.0
0.0 -2.0 -2.0 8.0
0.0 -2.0 -1.0 5.0
0.0 -2.0 0.0 4.0
0.0 -2.0 1.0 5.0
0.0 -2.0 2.0 8.0
0.0 -2.0 3.0 13.0
0.0 -2.0 4.0 20.0
0.0 -1.0 -4.0 17.0
0.0 -1.0 -3.0 10.0
0.0 -1.0 -2.0 5.0
0.0 -1.0 -1.0 2.0
0.0 -1.0 0.0 1.0
0.0 -1.0 1.0 2.0
0.0 -1.0 2.0 5.0
0.0 -1.0 3.0 10.0
0.0 -1.0 4.0 17.0
0.0 0.0 -4.0 16.0
0.0 0.0 -3.0 9.0
0.0 0.0 -2.0 4.0
0.0 0.0 -1.0 1.0
0.0 0.0 0.0 0.0
0.0 0.0 1.0 1.0
0.0 0.0 2.0 4.0
0.0 0.0 3.0 9.0
0.0 0.0 4.0 16.0
0.0 1.0 -4.0 17.0
0.0 1.0 -3.0 10.0
0.0 1.0 -2.0 5.0
0.0 1.0 -1.0 2.0
0.0 1.0 0.0 1.0
0.0 1.0 1.0 2.0
0.0 1.0 2.0 5.0
0.0 1.0 3.0 10.0
0.0 1.0 4.0 17.0
0.0 2.0 -4.0 20.0
0.0 2.0 -3.0 13.0
0.0 2.0 -2.0 8.0
0.0 2.0 -1.0 5.0
0.0 2.0 0.0 4.0
0.0 2.0 1.0 5.0
0.0 2.0 2.0 8.0
0.0 2.0 3.0 13.0
0.0 2.0 4.0 20.0
0.0 3.0 -4.0 25.0
0.0 3.0 -3.0 18.0
0.0 3.0 -2.0 13.0
0.0 3.0 -1.0 10.0
0.0 3.0 0.0 9.0
0.0 3.0 1.0 10.0
0.0 3.0 2.0 13.0
0.0 3.0 3.0 18.0
0.0 3.0 4.0 25.0
0.0 4.0 -4.0 32.0
0.0 4.0 -3.0 25.0
0.0 4.0 -2.0 20.0
0.0 4.0 -1.0 17.0
0.0 4.0 0.0 16.0
0.0 4.0 1.0 17.0
0.0 4.0 2.0 20.0
0.0 4.0 3.0 25.0
0.0 4.0 4.0 32.0
1.0 -4.0 -4.0 33.0
1.0 -4.0 -3.0 26.0
1.0 -4.0 -2.0 21.0
1.0 -4.0 -1.0 18.0
1.0 -4.0 0.0 17.0
1.0 -4.0 1.0 18.0
1.0 -4.0 2.0 21.0
1.0 -4.0 3.0 26.0
1.0 -4.0 4.0 33.0
1.0 -3.0 -4.0 26.0
1.0 -3.0 -3.0 19.0
1.0 -3.0 -2.0 14.0
1.0 -3.0 -1.0 11.0
1.0 -3.0 0.0 10.0
1.0 -3.0 1.0 11.0
1.0 -3.0 2.0 14.0
1.0 -3.0 3.0 19.0
1.0 -3.0 4.0 26.0
1.0 -2.0 -4.0 21.0
1.0 -2.0 -3.0 14.0
1.0 -2.0 -2.0 9.0
1.0 -2.0 -1.0 6.0
1.0 -2.0 0.0 5.0
1.0 -2.0 1.0 6.0
1.0 -2.0 2.0 9.0
1.0 -2.0 3.0 14.0
1.0 -2.0 4.0 21.0
1.0 -1.0 -4.0 18.0
1.0 -1.0 -3.0 11.0
1.0 -1.0 -2.0 6.0
1.0 -1.0 -1.0 3.0
1.0 -1.0 0.0 2.0
1.0 -1.0 1.0 3.0
1.0 -1.0 2.0 6.0
1.0 -1.0 3.0 11.0
1.0 -1.0 4.0 18.0
1.0 0.0 -4.0 17.0
1.0 0.0 -3.0 10.0
1.0 0.0 -2.0 5.0
1.0 0.0 -1.0 2.0
1.0 0.0 0.0 1.0
1.0 0.0 1.0 2.0
1.0 0.0 2.0 5.0
1.0 0.0 3.0 10.0
1.0 0.0 4.0 17.0
1.0 1.0 -4.0 18.0
1.0 1.0 -3.0 11.0
1.0 1.0 -2.0 6.0
1.0 1.0 -1.0 3.0
1.0 1.0 0.0 2.0
1.0 1.0 1.0 3.0
1.0 1.0 2.0 6.0
1.0 1.0 3.0 11.0
1.0 1.0 4.0 18.0
1.0 2.0 -4.0 21.0
1.0 2.0 -3.0 14.0
1.0 2.0 -2.0 9.0
1.0 2.0 -1.0 6.0
1.0 2.0 0.0 5.0
1.0 2.0 1.0 6.0
1.0 2.0 2.0 9.0
1.0 2.0 3.0 14.0
1.0 2.0 4.0 21.0
1.0 3.0 -4.0 26.0
1.0 3.0 -3.0 19.0
1.0 3.0 -2.0 14.0
1.0 3.0 -1.0 11.0
1.0 3.0 0.0 10.0
1.0 3.0 1.0 11.0
1.0 3.0 2.0 14.0
1.0 3.0 3.0 19.0
1.0 3.0 4.0 26.0
1.0 4.0 -4.0 33.0
1.0 4.0 -3.0 26.0
1.0 4.0 -2.0 21.0
1.0 4.0 -1.0 18.0
1.0 4.0 0.0 17.0
1.0 4.0 1.0 18.0
1.0 4.0 2.0 21.0
1.0 4.0 3.0 26.0
1.0 4.0 4.0 33.0
2.0 -4.0 -4.0 36.0
2.0 -4.0 -3.0 29.0
2.0 -4.0 -2.0 24.0
2.0 -4.0 -1.0 21.0
2.0 -4.0 0.0 20.0
2.0 -4.0 1.0 21.0
2.0 -4.0 2.0 24.0
2.0 -4.0 3.0 29.0
2.0 -4.0 4.0 36.0
2.0 -3.0 -4.0 29.0
2.0 -3.0 -3.0 22.0
2.0 -3.0 -2.0 17.0
2.0 -3.0 -1.0 14.0
2.0 -3.0 0.0 13.0
2.0 -3.0 1.0 14.0
2.0 -3.0 2.0 17.0
2.0 -3.0 3.0 22.0
2.0 -3.0 4.0 29.0
2.0 -2.0 -4.0 24.0
2.0 -2.0 -3.0 17.0
2.0 -2.0 -2.0 12.0
2.0 -2.0 -1.0 9.0
2.0 -2.0 0.0 8.0
2.0 -2.0 1.0 9.0
2.0 -2.0 2.0 12.0
2.0 -2.0 3.0 17.0
2.0 -2.0 4.0 24.0
2.0 -1.0 -4.0 21.0
2.0 -1.0 -3.0 14.0
2.0 -1.0 -2.0 9.0
2.0 -1.0 -1.0 6.0
2.0 -1.0 0.0 5.0
2.0 -1.0 1.0 6.0
2.0 -1.0 2.0 9.0
2.0 -1.0 3.0 14.0
2.0 -1.0 4.0 21.0
2.0 0.0 -4.0 20.0
2.0 0.0 -3.0 13.0
2.0 0.0 -2.0 8.0
2.0 0.0 -1.0 5.0
2.0 0.0 0.0 4.0
2.0 0.0 1.0 5.0
2.0 0.0 2.0 8.0
2.0 0.0 3.0 13.0
2.0 0.0 4.0 20.0
2.0 1.0 -4.0 21.0
2.0 1.0 -3.0 14.0
2.0 1.0 -2.0 9.0
2.0 1.0 -1.0 6.0
2.0 1.0 0.0 5.0
2.0 1.0 1.0 6.0
2.0 1.0 2.0 9.0
2.0 1.0 3.0 14.0
2.0 1.0 4.0 21.0
2.0 2.0 -4.0 24.0
2.0 2.0 -3.0 17.0
2.0 2.0 -2.0 12.0
2.0 2.0 -1.0 9.0
2.0 2.0 0.0 8.0
2.0 2.0 1.0 9.0
2.0 2.0 2.0 12.0
2.0 2.0 3.0 17.0
2.0 2.0 4.0 24.0
2.0 3.0 -4.0 29.0
2.0 3.0 -3.0 22.0
2.0 3.0 -2.0 17.0
2.0 3.0 -1.0 14.0
2.0 3.0 0.0 13.0
2.0 3.0 1.0 14.0
2.0 3.0 2.0 17.0
2.0 3.0 3.0 22.0
2.0 3.0 4.0 29.0
2.0 4.0 -4.0 36.0
2.0 4.0 -3.0 29.0
2.0 4.0 -2.0 24.0
2.0 4.0 -1.0 21.0
2.0 4.0 0.0 20.0
2.0 4.0 1.0 21.0
2.0 4.0 2.0 24.0
2.0 4.0 3.0 29.0
2.0 4.0 4.0 36.0
3.0 -4.0 -4.0 41.0
3.0 -4.0 -3.0 34.0
3.0 -4.0 -2.0 29.0
3.0 -4.0 -1.0 26.0
3.0 -4.0 0.0 25.0
3.0 -4.0 1.0 26.0
3.0 -4.0 2.0 29.0
3.0 -4.0 3.0 34.0
3.0 -4.0 4.0 41.0
3.0 -3.0 -4.0 34.0
3.0 -3.0 -3.0 27.0
3.0 -3.0 -2.0 22.0
3.0 -3.0 -1.0 19.0
3.0 -3.0 0.0 18.0
3.0 -3.0 1.0 19.0
3.0 -3.0 2.0 22.0
3.0 -3.0 3.0 27.0
3.0 -3.0 4.0 34.0
3.0 -2.0 -4.0 29.0
3.0 -2.0 -3.0 22.0
3.0 -2.0 -2.0 17.0
3.0 -2.0 -1.0 14.0
3.0 -2.0 0.0 13.0
3.0 -2.0 1.0 14.0
3.0 -2.0 2.0 17.0
3.0 -2.0 3.0 22.0
3.0 -2.0 4.0 29.0
3.0 -1.0 -4.0 26.0
3.0 -1.0 -3.0 19.0
3.0 -1.0 -2.0 14.0
3.0 -1.0 -1.0 11.0
3.0 -1.0 0.0 10.0
3.0 -1.0 1.0 11.0
3.0 -1.0 2.0 14.0
3.0 -1.0 3.0 19.0
3.0 -1.0 4.0 26.0
3.0 0.0 -4.0 25.0
3.0 0.0 -3.0 18.0
3.0 0.0 -2.0 13.0
3.0 0.0 -1.0 10.0
3.0 0.0 0.0 9.0
3.0 0.0 1.0 10.0
3.0 0.0 2.0 13.0
3.0 0.0 3.0 18.0
3.0 0.0 4.0 25.0
3.0 1.0 -4.0 26.0
3.0 1.0 -3.0 19.0
3.0 1.0 -2.0 14.0
3.0 1.0 -1.0 11.0
3.0 1.0 0.0 10.0
3.0 1.0 1.0 11.0
3.0 1.0 2.0 14.0
3.0 1.0 3.0 19.0
3.0 1.0 4.0 26.0
3.0 2.0 -4.0 29.0
3.0 2.0 -3.0 22.0
3.0 2.0 -2.0 17.0
3.0 2.0 -1.0 14.0
3.0 2.0 0.0 13.0
3.0 2.0 1.0 14.0
3.0 2.0 2.0 17.0
3.0 2.0 3.0 22.0
3.0 2.0 4.0 29.0
3.0 3.0 -4.0 34.0
3.0 3.0 -3.0 27.0
3.0 3.0 -2.0 22.0
3.0 3.0 -1.0 19.0
3.0 3.0 0.0 18.0
3.0 3.0 1.0 19.0
3.0 3.0 2.0 22.0
3.0 3.0 3.0 27.0
3.0 3.0 4.0 34.0
3.0 4.0 -4.0 41.0
3.0 4.0 -3.0 34.0
3.0 4.0 -2.0 29.0
3.0 4.0 -1.0 26.0
3.0 4.0 0.0 25.0
3.0 4.0 1.0 26.0
3.0 4.0 2.0 29.0
3.0 4.0 3.0 34.0
3.0 4.0 4.0 41.0
4.0 -4.0 -4.0 48.0
4.0 -4.0 -3.0 41.0
4.0 -4.0 -2.0 36.0
4.0 -4.0 -1.0 33.0
4.0 -4.0 0.0 32.0
4.0 -4.0 1.0 33.0
4.0 -4.0 2.0 36.0
4.0 -4.0 3.0 41.0
4.0 -4.0 4.0 48.0
4.0 -3.0 -4.0 41.0
4.0 -3.0 -3.0 34.0
4.0 -3.0 -2.0 29.0
4.0 -3.0 -1.0 26.0
4.0 -3.0 0.0 25.0
4.0 -3.0 1.0 26.0
4.0 -3.0 2.0 29.0
4.0 -3.0 3.0 34.0
4.0 -3.0 4.0 41.0
4.0 -2.0 -4.0 36.0
4.0 -2.0 -3.0 29.0
4.0 -2.0 -2.0 24.0
4.0 -2.0 -1.0 21.0
4.0 -2.0 0.0 20.0
4.0 -2.0 1.0 21.0
4.0 -2.0 2.0 24.0
4.0 -2.0 3.0 29.0
4.0 -2.0 4.0 36.0
4.0 -1.0 -4.0 33.0
4.0 -1.0 -3.0 26.0
4.0 -1.0 -2.0 21.0
4.0 -1.0 -1.0 18.0
4.0 -1.0 0.0 17.0
4.0 -1.0 1.0 18.0
4.0 -1.0 2.0 21.0
4.0 -1.0 3.0 26.0
4.0 -1.0 4.0 33.0
4.0 0.0 -4.0 32.0
4.0 0.0 -3.0 25.0
4.0 0.0 -2.0 20.0
4.0 0.0 -1.0 17.0
4.0 0.0 0.0 16.0
4.0 0.0 1.0 17.0
4.0 0.0 2.0 20.0
4.0 0.0 3.0 25.0
4.0 0.0 4.0 32.0
4.0 1.0 -4.0 33.0
4.0 1.0 -3.0 26.0
4.0 1.0 -2.0 21.0
4.0 1.0 -1.0 18.0
4.0 1.0 0.0 17.0
4.0 1.0 1.0 18.0
4.0 1.0 2.0 21.0
4.0 1.0 3.0 26.0
4.0 1.0 4.0 33.0
4.0 2.0 -4.0 36.0
4.0 2.0 -3.0 29.0
4.0 2.0 -2.0 24.0
4.0 2.0 -1.0 21.0
4.0 2.0 0.0 20.0
4.0 2.0 1.0 21.0
4.0 2.0 2.0 24.0
4.0 2.0 3.0 29.0
4.0 2.0 4.0 36.0
4.0 3.0 -4.0 41.0
4.0 3.0 -3.0 34.0
4.0 3.0 -2.0 29.0
4.0 3.0 -1.0 26.0
4.0 3.0 0.0 25.0
4.0 3.0 1.0 26.0
4.0 3.0 2.0 29.0
4.0 3.0 3.0 34.0
4.0 3.0 4.0 41.0
4.0 4.0 -4.0 48.0
4.0 4.0 -3.0 41.0
4.0 4.0 -2.0 36.0
4.0 4.0 -1.0 33.0
4.0 4.0 0.0 32.0
4.0 4.0 1.0 33.0
4.0 4.0 2.0 36.0
4.0 4.0 3.0 41.0
4.0 4.0 4.0 48.0
